=== Initialisation ===

=== Itération 1 ===
Chemin améliorant: 0->1 -> 1->4 -> 4->7
Flot pouvant être ajouté: 6

Matrice de flot actuelle:
     0     1     2     3     4     5     6     7
 0   0    6/9   0/5   0/7    0     0     0     0
 1   0     0    0/6    0    6/6    0     0     0
 2   0     0     0     0     0    0/7    0     0
 3   0     0     0     0     0    0/2   0/8    0
 4   0     0    0/3    0     0     0     0    6/8
 5   0     0     0     0     0     0     0   0/10
 6   0     0     0     0     0    0/3    0    0/5
 7   0     0     0     0     0     0     0     0

=== Itération 2 ===
Chemin améliorant: 0->2 -> 2->5 -> 5->7
Flot pouvant être ajouté: 5

Matrice de flot actuelle:
     0     1     2     3     4     5     6     7
 0   0    6/9   5/5   0/7    0     0     0     0
 1   0     0    0/6    0    6/6    0     0     0
 2   0     0     0     0     0    5/7    0     0
 3   0     0     0     0     0    0/2   0/8    0
 4   0     0    0/3    0     0     0     0    6/8
 5   0     0     0     0     0     0     0   5/10
 6   0     0     0     0     0    0/3    0    0/5
 7   0     0     0     0     0     0     0     0

=== Itération 3 ===
Chemin améliorant: 0->3 -> 3->5 -> 5->7
Flot pouvant être ajouté: 2

Matrice de flot actuelle:
     0     1     2     3     4     5     6     7
 0   0    6/9   5/5   2/7    0     0     0     0
 1   0     0    0/6    0    6/6    0     0     0
 2   0     0     0     0     0    5/7    0     0
 3   0     0     0     0     0    2/2   0/8    0
 4   0     0    0/3    0     0     0     0    6/8
 5   0     0     0     0     0     0     0   7/10
 6   0     0     0     0     0    0/3    0    0/5
 7   0     0     0     0     0     0     0     0

=== Itération 4 ===
Chemin améliorant: 0->3 -> 3->6 -> 6->7
Flot pouvant être ajouté: 5

Matrice de flot actuelle:
     0     1     2     3     4     5     6     7
 0   0    6/9   5/5   7/7    0     0     0     0
 1   0     0    0/6    0    6/6    0     0     0
 2   0     0     0     0     0    5/7    0     0
 3   0     0     0     0     0    2/2   5/8    0
 4   0     0    0/3    0     0     0     0    6/8
 5   0     0     0     0     0     0     0   7/10
 6   0     0     0     0     0    0/3    0    5/5
 7   0     0     0     0     0     0     0     0

=== Itération 5 ===
Chemin améliorant: 0->1 -> 1->2 -> 2->5 -> 5->7
Flot pouvant être ajouté: 2

Matrice de flot actuelle:
     0     1     2     3     4     5     6     7
 0   0    8/9   5/5   7/7    0     0     0     0
 1   0     0    2/6    0    6/6    0     0     0
 2   0     0     0     0     0    7/7    0     0
 3   0     0     0     0     0    2/2   5/8    0
 4   0     0    0/3    0     0     0     0    6/8
 5   0     0     0     0     0     0     0   9/10
 6   0     0     0     0     0    0/3    0    5/5
 7   0     0     0     0     0     0     0     0

=== Résultat final ===
Flot maximal: 20
Matrice de flot finale:
     0     1     2     3     4     5     6     7
 0   0    8/9   5/5   7/7    0     0     0     0
 1   0     0    2/6    0    6/6    0     0     0
 2   0     0     0     0     0    7/7    0     0
 3   0     0     0     0     0    2/2   5/8    0
 4   0     0    0/3    0     0     0     0    6/8
 5   0     0     0     0     0     0     0   9/10
 6   0     0     0     0     0    0/3    0    5/5
 7   0     0     0     0     0     0     0     0

Flot maximal: 20
Matrice de flot:
     0     1     2     3     4     5     6     7
 0   0    8/9   5/5   7/7    0     0     0     0
 1   0     0    2/6    0    6/6    0     0     0
 2   0     0     0     0     0    7/7    0     0
 3   0     0     0     0     0    2/2   5/8    0
 4   0     0    0/3    0     0     0     0    6/8
 5   0     0     0     0     0     0     0   9/10
 6   0     0     0     0     0    0/3    0    5/5
 7   0     0     0     0     0     0     0     0
